0.5291253676665373
0.8203049574588334
0.7650646445094167
0.2013735402782837
0.5885098367721516
0.5756920854968028
0.32800358507529137
0.6005834571505725
0.5322921633105924
0.6333962414095264
0.9771677857438027
0.9981592222405018
0.15446642069863004
0.0001917307810683777
0.4950680462398557
0.27161267613269635
0.5251651290968936
0.7296486050052151
0.45099595126617087
0.41884150679557774
0.25006263492142133
0.08619950970919699
0.1111466976295784
0.10305436062999229
0.19403655024376087
0.46858733135587605
0.7572796180441446
0.8673711845751433
0.7652383921895332
0.5269200184624707
0.5507580502840183
0.036821551634584004
0.3718589326021523
0.9606124560921997
0.11604404894900999
0.790453670406286
0.7583470276328593
0.2358483228858319
0.754792033790492
0.6991493488814864
0.9512190342118056
0.6395372550880848
0.22106313663178367
0.31555308610414035
0.6602843116805039
0.6656840896606161
0.501029127567495
0.4476703166169502
0.713366266535454
0.36659592780710615